1	12809600
1	27176100
1	32038000
1	32044500
1	32054700
1	32062200
1	32067400
1	32130800
1	32142300
1	32170100
1	32184500
1	32224900
1	32253900
1	32264700
1	32280500
1	32288000
1	32306600
1	32319600
1	32338300
1	50235400
1	50284400
1	56276800
1	56279200
1	128079000
1	128093000
1	128111000
1	128159000
1	128167000
1	128174000
1	128191000
1	128205000
1	128227000
1	152286000
1	152306000
1	152317000
1	152346000
1	152373000
1	152392000
1	152407000
1	152416000
1	152434000
1	152518000
1	152591000
1	152669000
1	152812000
1	152887000
1	152900000
1	171545000
10	71372700
10	71409900
10	71419400
10	71422900
10	71425000
10	71429200
10	71432800
10	71438400
10	71445800
10	71449500
10	71453300
10	71849200
10	71869100
10	71875600
10	72016800
10	72132000
10	72144900
10	72171400
10	72201600
10	72223300
10	72236300
10	72244500
10	98137700
10	119322000
12	35623400
12	35627400
12	35656400
12	35680300
12	35701200
12	35712500
12	35731900
12	35737800
12	35765800
12	35777800
12	35809100
12	35819100
12	35840000
12	35848800
12	35878200
12	35879000
12	35888000
12	35904100
12	38401200
12	38469100
12	38585400
12	38617900
12	38637000
12	38662700
12	38674600
12	38683900
12	38695800
12	38703800
12	38711000
12	38718300
12	38723100
12	38736800
12	38748100
12	38754100
12	38760800
12	38768600
12	38776400
12	38784900
12	38789700
12	38796800
12	38800400
12	38804300
12	38812200
12	38859100
12	38868800
12	38873900
12	38876500
12	38895200
12	38901700
12	38907200
12	38918100
12	38922600
12	38929100
12	39477600
12	39545100
12	39571600
12	39629800
12	39642400
12	39650900
12	39656800
12	39667200
12	39677400
12	39688600
12	39726700
12	39739500
12	39758700
12	39787800
12	39800700
12	39806500
12	39815500
12	39829200
12	39835700
12	39842400
12	39847800
12	39872200
12	39899700
12	39906900
12	39931500
12	39944600
12	39949600
12	39952900
12	39971200
12	39994500
12	40062100
12	40098100
12	40113100
12	40148100
12	40160600
12	40173300
12	40179500
12	40199700
12	40204300
12	40209900
12	40221500
12	40254200
12	40265700
12	40278600
12	40288900
12	40294400
12	40300700
12	40313600
12	40322000
12	40334100
12	40349500
12	40359600
12	40367900
12	40379100
12	40384100
12	40390400
12	40399000
12	40456100
12	40470800
12	40506100
12	40544700
12	40559900
12	40616400
12	110422000
12	110497000
12	110516000
12	110556000
12	110567000
12	110580000
12	110594000
12	110609000
12	110628000
12	110635000
12	110647000
12	110657000
12	110663000
12	110674000
12	110689000
12	110703000
12	110760000
12	110770000
12	110786000
12	110827000
12	110845000
12	110856000
12	110876000
12	110888000
12	110903000
12	110913000
12	110926000
12	110941000
12	110958000
12	110973000
12	110984000
12	110993000
12	111015000
12	111033000
12	111040000
12	111111000
12	111126000
12	111135000
12	111143000
12	111153000
12	111161000
12	111176000
12	111281000
12	111537000
12	111657000
12	111717000
12	111792000
12	111805000
12	111825000
12	111840000
12	111856000
12	111872000
12	111883000
12	111913000
12	111920000
12	111926000
12	111943000
12	111954000
12	111965000
12	111978000
12	111992000
12	112000000
12	112014000
12	112027000
12	112035000
12	112045000
12	112059000
12	112078000
12	112104000
12	112118000
12	112128000
12	112144000
12	112167000
12	112177000
12	112184000
12	112200000
12	112209000
12	112217000
12	112237000
12	112254000
12	112261000
12	112267000
12	112288000
12	112312000
12	112334000
12	112376000
12	120556000
12	120608000
12	120623000
12	120665000
12	120693000
12	120697000
12	124078000
12	124108000
12	124121000
12	124125000
12	124145000
12	124156000
12	124163000
12	124171000
12	124182000
12	124191000
12	124200000
12	124204000
12	124214000
12	124233000
12	124254000
13	63379100
13	86787000
14	29741900
14	29746200
14	29749200
14	29928600
14	29931000
14	29938500
14	29954100
14	29955200
14	65882800
14	65886800
14	65892800
14	65895300
14	65903800
14	65908000
14	65911800
14	65915300
14	65918300
14	65922600
14	65932800
14	65935700
14	65943800
14	65951300
14	65963200
14	65966400
14	65978000
14	65990400
14	66005000
15	39286100
15	39471200
15	40868800
15	40891300
15	40911500
15	40921100
15	40927400
15	40941400
15	41223400
15	41247400
15	41280800
15	41284100
15	41287800
15	41294400
15	41299800
15	41305100
15	41313900
15	41322100
15	41330300
15	41338500
15	41343700
15	41358900
15	41365500
15	41404100
15	41415300
15	46437600
15	46457700
15	46481100
15	46539300
15	46546800
15	46551800
15	46568300
15	46576800
15	46586300
15	46620300
15	46624300
15	46638800
15	46660800
15	48522200
15	48739500
15	61612600
15	61670000
15	61673700
15	61685200
15	61700700
15	61720700
15	61740200
15	61792200
15	61807700
15	61813600
15	61848700
15	61884500
15	61889700
15	61920500
15	61927600
15	61936000
15	61940900
15	61944300
15	61976300
15	72996800
15	82827900
15	82834400
15	82848800
15	82855900
15	82869500
15	82872900
15	82875500
15	82887200
15	82895300
15	82903100
15	82912700
15	82923600
15	82946500
15	82953600
15	82967800
15	83010000
16	1658630
16	4837000
16	4854620
16	4939560
16	4951660
16	4964710
16	4968040
16	4986080
16	5003900
16	5010500
16	29947000
16	29975100
16	29984200
16	29988500
16	30018600
16	30022700
16	30030600
16	30057500
16	30518200
16	30541500
16	30575500
16	30597700
16	30617800
16	30641800
16	30654100
16	30689400
16	30725800
16	30752300
16	30774800
16	30808100
16	30825500
16	30855600
16	30863700
16	30882200
16	45494200
16	45496800
16	45499500
16	45508100
16	45520600
16	45572500
16	45585600
16	45598600
16	45621200
16	67000500
16	71413900
16	71476500
16	71694800
16	71703100
16	71715900
16	71739800
16	71748000
16	71752400
16	71765100
16	71781100
16	71794700
16	71801400
16	71809300
16	71815700
16	71820500
16	71827200
16	71840200
16	71850800
16	71857400
16	71863700
16	71875100
16	71881100
16	71887800
16	71895900
16	71902100
16	71910700
16	71916800
16	71922600
16	71930500
16	71935200
16	71943300
16	71953900
16	71962500
16	71971900
16	71979200
16	71986300
16	71992000
16	72001600
16	72009300
16	72016600
16	72020400
16	72027400
16	72036700
16	72052300
16	72066600
16	72084800
16	72097200
16	72115300
16	72122800
16	72138500
16	72154600
16	72162600
16	72168700
16	72175400
16	72184300
17	17661700
17	17708600
17	17714500
17	28220000
17	28226000
17	28266400
17	28305800
17	28312600
17	28321600
17	28336300
17	28351000
17	28367100
17	28431500
17	28448200
17	36119500
17	36252600
17	36595100
17	36620800
17	36664200
17	36678500
17	36721000
17	36770000
17	36778800
17	36853600
17	36859800
17	36872400
17	36879400
17	36887200
17	36892500
17	36896700
17	36903400
17	36909900
17	36916500
17	36924500
17	36939900
17	36944300
17	36956000
17	36961300
17	36967100
17	36970200
17	36976300
17	36984800
17	36995200
17	37000600
17	37008900
17	37013900
17	37018900
17	37022500
17	37115500
17	37616900
17	37632100
17	37638700
17	37676000
17	38150800
17	38166500
17	38194800
17	38208800
17	38252300
17	38261700
17	38265500
17	38298900
17	38315500
17	38330200
17	38339500
17	38355800
17	38387000
17	38473400
17	66487300
17	66492600
17	66631000
17	66682600
17	66685100
17	66689500
17	66693500
19	5918390
19	5923560
19	13227200
19	13241500
19	13296900
19	15701600
19	15704600
19	15707700
19	15730200
19	50549000
19	50587900
19	50644500
19	50660400
19	50707000
19	50730200
19	50752600
19	50768700
20	33191500
20	56326000
20	56331600
20	56361900
20	56396100
20	58268700
21	18798100
22	22643400
2A	1722890
2A	5465550
2A	26213400
2A	26236500
2A	26317100
2A	26377500
2A	31968400
2A	32784300
2A	32897000
2A	33057200
2A	33066400
2A	61505100
2A	61515900
2A	61530400
2A	61544700
2A	61559600
2A	61573200
2A	61592700
2A	61602300
2A	61620100
2A	61663700
2A	61675400
2A	61703400
2A	61718100
2A	61724200
2A	61743800
2A	61761200
2A	61772600
2A	61790400
2A	61805400
2A	61810500
2A	61824200
2A	61837900
2A	61852900
2A	61868300
2A	61875100
2A	61905200
2A	61915400
2A	61926500
2A	61938200
2A	61948200
2A	61961000
2A	61970100
2A	61978200
2A	61986500
2A	61996200
2A	62009800
2A	62031600
2A	62045900
2A	62054100
2A	62062000
2A	62071400
2A	62077000
2A	62089600
2A	62094600
2A	62102700
2A	62112500
2A	62121300
2A	62126800
2A	62138000
2A	62144500
2A	62155100
2A	62161800
2A	62169300
2A	62178600
2A	62187700
2A	62197500
2A	62210200
2A	62218600
2A	62229400
2A	62247800
2A	62261200
2A	62263900
2A	62275600
2A	62282600
2A	62299100
2A	62307100
2A	62357300
2A	62365600
2A	62373000
2A	62384800
2A	62404200
2A	62414300
2A	62426400
2A	62437000
2A	62462300
2A	62495100
2A	62503400
2A	62526400
2A	62563500
2A	62570400
2A	62605000
2A	99524200
2A	99595800
2A	99635800
2A	99652800
2A	99663300
2A	99672900
2A	99685000
2A	99691100
2A	99696000
2A	99718500
2B	131603000
2B	131617000
2B	131620000
2B	131635000
2B	131647000
2B	131657000
2B	131661000
2B	131669000
2B	131675000
2B	131688000
2B	131699000
2B	131715000
2B	131720000
2B	131731000
2B	208526000
2B	208605000
2B	208635000
2B	208644000
2B	208675000
3	55931800
3	104748000
3	104785000
3	132633000
3	161148000
3	161155000
3	163679000
3	190697000
3	190698000
3	190699000
3	190700000
4	162667000
4	162681000
4	162734000
4	162737000
4	162740000
4	162748000
4	162776000
4	171602000
5	77602900
5	77711200
5	77729800
5	77748800
5	77818600
5	77894800
5	77904900
5	77918400
5	77988400
5	77998000
5	78010900
6	44019600
6	44062500
6	44080000
6	44103400
6	44111900
6	44130400
6	44144200
6	44155000
6	44165700
6	44233600
6	44249500
6	44270900
6	86078100
6	86092000
6	86113200
6	86117300
6	86121500
6	86132100
6	86196300
6	86201400
6	115255000
6	150025000
6	160039000
6	160052000
6	160063000
6	160174000
7	4165520
7	4945220
7	5017260
7	5114910
7	5217140
7	5240650
7	5248200
7	5255410
7	5262300
7	5277100
7	5286240
7	5291010
7	5295220
7	5307130
7	5316600
7	5320440
7	5326350
7	5337800
7	5341360
7	5364660
7	5375580
7	39368100
7	130237000
7	130246000
7	130286000
7	131287000
7	131305000
8	39472900
8	40007300
8	45394300
8	45440300
8	45468100
8	45514100
8	45534100
8	45817000
8	46457600
8	58655500
9	34250000
9	34258100
9	34290000
9	34334300
9	34345600
9	130656000
