bin	name	chrom	strand	txStart	txEnd	cdsStart	cdsEnd	exonCount	exonStarts	exonEnds	score	name2	cdsStartStat	cdsEndStat	exonFrames
636	ENSPTRT00000008476.1	chr12	-	6799608	6808649	6799814	6808601	10	6799608,6800486,6801592,6801876,6805084,6805682,6806765,6807718,6808028,6808558,	6799937,6800570,6801760,6802056,6805217,6806151,6806883,6807813,6808247,6808649,	0	ENSPTRG00000004582.1	cmpl	cmpl	0,0,0,0,2,1,0,1,1,0,
79	ENSPTRT00000008479.3	chr12	-	6812267	6820825	6812933	6820784	8	6812267,6813062,6814010,6814401,6814675,6814969,6818458,6820747,	6812973,6813124,6814158,6814510,6814790,6815136,6818530,6820825,	0	ENSPTRG00000004583.5	cmpl	cmpl	2,0,2,1,0,1,1,0,
637	ENSPTRT00000036315.4	chr12	+	6820918	6831120	6826587	6827004	5	6820918,6826579,6826650,6827079,6830473,	6821051,6826647,6827010,6827160,6831120,	0	ENSPTRG00000029820.3	cmpl	cmpl	-1,0,0,-1,-1,
637	ENSPTRT00000043105.3	chr12	-	6825537	6848993	6826770	6838573	11	6825537,6828081,6829807,6831400,6832267,6837179,6837715,6837998,6838507,6847585,6848788,	6827169,6828240,6829886,6831583,6832492,6837513,6837763,6838236,6838578,6847645,6848993,	0	ENSPTRG00000004584.5	cmpl	cmpl	0,0,2,2,2,1,1,0,0,-1,-1,
637	ENSPTRT00000008483.5	chr12	-	6854458	6857229	6854458	6857227	4	6854458,6854849,6855876,6856722,	6854477,6855071,6855958,6857229,	0	ENSPTRG00000004585.5	incmpl	incmpl	2,2,1,0,
637	ENSPTRT00000070726.1	chr12	+	6869032	6869135	6869135	6869135	1	6869032,	6869135,	0	ENSPTRG00000037124.1	none	none	-1,
637	ENSPTRT00000008485.4	chr12	+	6883925	6891826	6884598	6890995	8	6883925,6884555,6887874,6888171,6889196,6890355,6890622,6890955,	6884121,6884760,6887950,6888260,6889399,6890461,6890774,6891826,	0	ENSPTRG00000004586.4	cmpl	cmpl	-1,0,0,1,0,2,0,2,
637	ENSPTRT00000008486.2	chr12	-	6909498	6914603	6910287	6913809	9	6909498,6910262,6911336,6911665,6912201,6913126,6913410,6913759,6914408,	6910040,6910475,6911496,6911794,6912255,6913162,6913540,6913837,6914603,	0	ENSPTRG00000004587.2	cmpl	cmpl	-1,1,0,0,0,0,2,0,-1,
637	ENSPTRT00000008487.4	chr12	+	6931274	6932112	6931274	6932112	4	6931274,6931592,6931826,6932061,	6931346,6931671,6931888,6932112,	0	ENSPTRG00000004588.4	incmpl	cmpl	0,0,1,0,
637	ENSPTRT00000049525.2	chr12	+	6934965	6940919	6935314	6940856	8	6934965,6935653,6936158,6937056,6937734,6939725,6940250,6940703,	6935372,6935801,6936463,6937326,6938010,6939968,6940381,6940919,	0	ENSPTRG00000024384.2	cmpl	cmpl	0,1,2,1,1,1,1,0,
637	ENSPTRT00000072899.1	chr12	-	6946109	6946402	6946402	6946402	1	6946109,	6946402,	0	ENSPTRG00000038790.1	none	none	-1,
638	ENSPTRT00000062277.2	chr12	+	6952285	6983565	6962873	6983565	10	6952285,6962806,6963041,6978169,6978785,6980082,6981156,6982436,6982862,6983533,	6952412,6962922,6963206,6978328,6979019,6980430,6981357,6982558,6982929,6983565,	0	ENSPTRG00000004590.5	cmpl	cmpl	-1,0,1,1,1,1,1,1,0,1,
638	ENSPTRT00000008493.2	chr12	+	6988300	6992203	6988300	6991989	5	6988300,6989376,6990268,6990980,6991437,	6988978,6989550,6990458,6991138,6992203,	0	ENSPTRG00000038667.1	cmpl	cmpl	0,0,0,1,0,
638	ENSPTRT00000008491.4	chr12	+	6993433	7005057	6993433	7004717	18	6993433,6994372,6994866,6995152,6995729,6996340,6998324,6998474,6998657,7001726,7002163,7002817,7002825,7002830,7002988,7003214,7004255,7004552,	6993451,6994525,6995068,6995284,6995866,6996430,6998377,6998542,6998782,7001828,7002289,7002823,7002828,7002831,7003106,7003290,7004396,7005057,	0	ENSPTRG00000004591.6	incmpl	cmpl	0,0,0,1,1,0,0,2,1,0,0,0,0,0,1,2,0,0,
638	ENSPTRT00000045818.4	chr12	+	7005466	7012960	7006537	7012473	13	7005466,7006125,7006507,7006834,7008214,7008418,7008607,7008876,7009021,7009125,7009547,7011168,7012366,	7005675,7006285,7006594,7006873,7008321,7008482,7008770,7008943,7009124,7009185,7009586,7011385,7012960,	0	ENSPTRG00000004592.5	cmpl	cmpl	-1,-1,0,0,0,2,0,1,2,0,0,0,1,
638	ENSPTRT00000008496.4	chr12	-	7014381	7016860	7014616	7016520	6	7014381,7014895,7015137,7016034,7016400,7016789,	7014772,7015002,7015431,7016164,7016577,7016860,	0	ENSPTRG00000004593.4	cmpl	cmpl	0,1,1,0,0,-1,
638	ENSPTRT00000008497.5	chr12	+	7017747	7032983	7017747	7032467	21	7017747,7020956,7021322,7021584,7021872,7022274,7023201,7023995,7025043,7025724,7025939,7026526,7027017,7027586,7028535,7029248,7030219,7030439,7031111,7031553,7032373,	7017858,7021082,7021389,7021718,7022018,7022459,7023296,7024189,7025115,7025812,7026065,7026680,7027037,7027681,7028624,7029440,7030363,7030585,7031265,7031638,7032983,	0	ENSPTRG00000004594.5	cmpl	cmpl	0,0,0,1,0,2,1,0,2,2,0,0,1,0,2,1,1,1,0,1,2,
638	ENSPTRT00000065677.2	chr12	+	7033580	7037505	7033953	7036789	7	7033580,7035269,7035504,7035663,7036093,7036454,7036670,	7034068,7035393,7035589,7035796,7036179,7036542,7037505,	0	ENSPTRG00000004595.6	cmpl	cmpl	0,1,2,0,1,0,1,
638	ENSPTRT00000008500.4	chr12	-	7038508	7039308	7039308	7039308	2	7038508,7039230,	7039228,7039308,	0	ENSPTRG00000004596.4	none	none	-1,-1,
79	ENSPTRT00000008502.4	chr12	+	7074031	7084148	7074932	7082923	8	7074031,7074883,7075143,7075707,7076613,7079407,7082649,7083797,	7074202,7075058,7075253,7075961,7076744,7079544,7082947,7084148,	0	ENSPTRG00000004597.5	cmpl	cmpl	-1,0,0,2,1,0,2,-1,
639	ENSPTRT00000058857.3	chr12	+	7090120	7090287	7090287	7090287	2	7090120,7090155,	7090150,7090287,	0	ENSPTRG00000040860.1	none	none	-1,-1,
639	ENSPTRT00000076137.1	chr12	+	7106396	7110321	7106396	7110321	5	7106396,7107021,7109420,7109914,7110287,	7106618,7107718,7109564,7110095,7110321,	0	ENSPTRG00000040559.1	incmpl	cmpl	0,0,1,1,2,
639	ENSPTRT00000071336.1	chr12	+	7112728	7112792	7112792	7112792	1	7112728,	7112792,	0	ENSPTRG00000037734.1	none	none	-1,
639	ENSPTRT00000008509.2	chr12	+	7112953	7114894	7113044	7114814	3	7112953,7113387,7114662,	7113096,7113564,7114894,	0	ENSPTRG00000004600.2	cmpl	cmpl	0,1,1,
639	ENSPTRT00000008510.5	chr12	+	7122410	7131992	7122652	7131992	15	7122410,7122748,7123122,7125938,7126283,7126504,7126792,7127275,7127552,7128787,7129052,7131061,7131222,7131473,7131793,	7122660,7122871,7123317,7126128,7126400,7126618,7126889,7127355,7127702,7128919,7129207,7131129,7131374,7131565,7131992,	0	ENSPTRG00000004601.5	cmpl	incmpl	0,2,2,2,0,0,0,1,0,0,0,2,1,0,2,
639	ENSPTRT00000072643.1	chr12	+	7134827	7134895	7134895	7134895	1	7134827,	7134895,	0	ENSPTRG00000039790.1	none	none	-1,
639	ENSPTRT00000060941.1	chr12	+	7135224	7135319	7135319	7135319	1	7135224,	7135319,	0	ENSPTRG00000031756.1	none	none	-1,
639	ENSPTRT00000070966.1	chr12	-	7138466	7138736	7138736	7138736	1	7138466,	7138736,	0	ENSPTRG00000037364.1	none	none	-1,
639	ENSPTRT00000008514.3	chr12	-	7147343	7190695	7148304	7190580	13	7147343,7148292,7148525,7148756,7149498,7149760,7150624,7152132,7152719,7152936,7153801,7154557,7190429,	7148050,7148421,7148684,7148904,7149665,7149847,7150733,7152311,7152757,7153030,7153908,7154665,7190695,	0	ENSPTRG00000004604.3	cmpl	cmpl	-1,0,0,2,0,0,2,0,1,0,1,1,0,
640	ENSPTRT00000062240.3	chr12	+	7229964	7239966	7231823	7239966	18	7229964,7231041,7231774,7232189,7232984,7233097,7233619,7234426,7234711,7235162,7235853,7236374,7236978,7237132,7237474,7237797,7239187,7239720,	7230166,7231207,7231982,7232367,7233011,7233118,7233718,7234551,7234793,7235306,7235969,7236453,7237107,7237149,7237480,7237867,7239708,7239966,	0	ENSPTRG00000004605.6	cmpl	incmpl	-1,-1,0,0,1,1,1,1,0,1,1,0,1,1,0,0,1,0,
640	ENSPTRT00000062237.3	chr12	-	7249495	7332028	7249813	7331260	11	7249495,7251312,7325458,7325976,7328190,7328419,7328874,7329169,7329636,7331032,7331967,	7250583,7251387,7325614,7326055,7328312,7328567,7329071,7329316,7329829,7331261,7332028,	0	ENSPTRG00000004606.6	cmpl	incmpl	1,1,1,0,1,0,1,1,0,0,-1,
